[1, -118.5625, 6, 0.0, 144.0]
[1, -118.5625, 6, 0.0, 776.0]
[1, -118.5625, 6, 0.0, 328.0]
[1, -118.5625, 6, 0.0, 1608.0]
[1, -118.5625, 6, 0.0, 88.0]
[1, -118.5625, 6, 0.0, 224.0]
[1, -118.5625, 6, 0.0, 776.0]
[1, -118.5625, 6, 0.0, 776.0]
[1, -118.5625, 6, 0.0, 1096.0]
[1, -118.5625, 6, 0.0, 88.0]
[1, -118.5625, 6, 0.0, 1256.0]
[1, -118.5625, 6, 0.0, 17568.0]
[1, -118.5625, 6, 0.0, 2792.0]
[1, -118.5625, 6, 0.0, 88.0]
[1, -118.5625, 6, 0.0, 1256.0]
[1, -118.5625, 6, 0.0, 1096.0]
[1, -118.5625, 6, 0.0, 4392.0]
[1, -118.5625, 6, 0.0, 808.0]
[1, -118.5625, 6, 0.0, 808.0]
[1, -118.5625, 6, 0.0, 968.0]
[1, -118.5625, 6, 0.0, 2536.0]
[1, -118.5625, 6, 0.0, 88.0]
[1, -118.5625, 6, 0.0, 1256.0]
[1, -118.5625, 6, 0.0, 2792.0]
[1, -118.5625, 6, 0.0, 19848.0]
[1, -118.5625, 6, 0.0, 15264.0]
[1, -118.5625, 6, 0.0, 88.0]
[1, -118.5625, 6, 0.0, 1096.0]
[1, -118.5625, 6, 0.0, 968.0]
[1, -118.5625, 6, 0.0, 88.0]
[1, -118.5625, 6, 0.0, 680.0]
[1, -118.5625, 6, 0.0, 25456.0]
[1, -118.5625, 6, 0.0, 25456.0]
[1, -118.5625, 6, 0.0, 25456.0]
[1, -118.5625, 6, 0.0, 22920.0]
[1, -118.5625, 6, 0.0, 25456.0]
[1, -118.5625, 6, 0.0, 23688.0]
[1, -118.5625, 6, 0.0, 1128.0]
[1, -118.5625, 6, 0.0, 776.0]
[1, -118.5625, 6, 0.0, 28336.0]
[1, -118.5625, 6, 0.0, 28336.0]
[1, -118.5625, 6, 0.0, 28336.0]
[1, -118.5625, 6, 0.0, 28336.0]
[1, -118.5625, 6, 0.0, 28336.0]
[1, -118.5625, 6, 0.0, 28336.0]
[1, -118.5625, 6, 0.0, 13536.0]
[1, -118.5625, 6, 0.0, 13536.0]
[1, -118.5625, 6, 0.0, 88.0]
[1, -118.5625, 6, 0.0, 1128.0]
[1, -118.5625, 6, 0.0, 22920.0]
[1, -118.5625, 6, 0.0, 28336.0]
[1, -118.5625, 6, 0.0, 18336.0]
[1, -118.5625, 6, 0.0, 680.0]
[1, -118.5625, 6, 0.0, 2408.0]
[1, -118.5625, 6, 0.0, 9528.0]
[1, -118.5625, 6, 0.0, 22920.0]
[1, -118.5625, 6, 0.0, 18336.0]
[1, -118.5625, 6, 0.0, 22920.0]
[1, -118.5625, 6, 0.0, 22920.0]
[1, -118.5625, 6, 0.0, 4584.0]
[1, -118.5625, 6, 0.0, 22920.0]
[1, -118.5625, 6, 0.0, 88.0]
[1, -118.5625, 6, 0.0, 88.0]
[1, -118.5625, 6, 0.0, 22920.0]
[1, -118.5625, 6, 0.0, 12216.0]
[1, -118.5625, 6, 0.0, 88.0]
[1, -118.5625, 6, 0.0, 680.0]
[1, -118.5625, 6, 0.0, 4008.0]
[1, -118.5625, 6, 0.0, 5544.0]
[1, -118.5625, 6, 0.0, 1096.0]
[1, -118.5625, 6, 0.0, 88.0]
[1, -118.5625, 6, 0.0, 88.0]
[1, -118.5625, 6, 0.0, 1096.0]
[1, -118.5625, 6, 0.0, 1608.0]
[1, -118.5625, 6, 0.0, 1608.0]
[1, -118.5625, 6, 0.0, 1672.0]
[1, -118.5625, 6, 0.0, 88.0]
[1, -118.5625, 6, 0.0, 1096.0]
[1, -118.5625, 6, 0.0, 88.0]
[1, -118.5625, 6, 0.0, 88.0]
[1, -118.5625, 6, 0.0, 776.0]
[1, -118.5625, 6, 0.0, 88.0]
[1, -118.5625, 6, 0.0, 22920.0]
[1, -118.5625, 6, 0.0, 8760.0]
[1, -118.5625, 6, 0.0, 22920.0]
[1, -118.5625, 6, 0.0, 22920.0]
[1, -118.5625, 6, 0.0, 22920.0]
[1, -118.5625, 6, 0.0, 22920.0]
[1, -118.5625, 6, 0.0, 22920.0]
[1, -118.5625, 6, 0.0, 22920.0]
[1, -118.5625, 6, 0.0, 968.0]
[1, -118.5625, 6, 0.0, 10680.0]
[1, -118.5625, 6, 0.0, 88.0]
[1, -118.5625, 6, 0.0, 1256.0]
[1, -118.5625, 6, 0.0, 88.0]
[1, -118.5625, 6, 0.0, 1096.0]
[1, -118.5625, 6, 0.0, 88.0]
[1, -118.5625, 6, 0.0, 2408.0]
[1, -118.5625, 6, 0.0, 88.0]
[1, -118.5625, 6, 0.0, 1256.0]
[1, -118.5625, 6, 0.0, 88.0]
[1, -118.5625, 6, 0.0, 88.0]
[1, -118.5625, 6, 0.0, 680.0]
[1, -118.5625, 6, 0.0, 9144.0]
[1, -118.5625, 6, 0.0, 776.0]
[1, -118.5625, 6, 0.0, 2024.0]
[1, -118.5625, 6, 0.0, 776.0]
[1, -118.5625, 6, 0.0, 88.0]
[1, -118.5625, 6, 0.0, 776.0]
[1, -118.5625, 6, 0.0, 680.0]
[1, -118.5625, 6, 0.0, 18336.0]
[1, -118.5625, 6, 0.0, 12576.0]
[1, -118.5625, 6, 0.0, 88.0]
[1, -118.5625, 6, 0.0, 88.0]
[1, -118.5625, 6, 0.0, 25456.0]
[1, -118.5625, 6, 0.0, 10296.0]
[1, -118.5625, 6, 0.0, 25456.0]
[1, -118.5625, 6, 0.0, 88.0]
[1, -118.5625, 6, 0.0, 88.0]
[1, -118.5625, 6, 0.0, 680.0]
[1, -118.5625, 6, 0.0, 88.0]
[1, -118.5625, 6, 0.0, 1128.0]
[1, -118.5625, 6, 0.0, 8248.0]
[1, -118.5625, 6, 0.0, 88.0]
[1, -118.5625, 6, 0.0, 1096.0]
[1, -118.5625, 6, 0.0, 88.0]
[1, -118.5625, 6, 0.0, 88.0]
[1, -118.5625, 6, 0.0, 88.0]
[1, -118.5625, 6, 0.0, 28336.0]
[1, -118.5625, 6, 0.0, 2024.0]
[1, -118.5625, 6, 0.0, 88.0]
[1, -118.5625, 6, 0.0, 2088.0]
[1, -118.5625, 6, 0.0, 88.0]
[1, -118.5625, 6, 0.0, 776.0]
[1, -118.5625, 6, 0.0, 680.0]
[1, -118.5625, 6, 0.0, 88.0]
[1, -118.5625, 6, 0.0, 776.0]
[1, -118.5625, 6, 0.0, 88.0]
[1, -118.5625, 6, 0.0, 176.0]
[1, -118.5625, 6, 0.0, 680.0]
[1, -118.5625, 6, 0.0, 25456.0]
[1, -118.5625, 6, 0.0, 6200.0]
[1, -118.5625, 6, 0.0, 25456.0]
[1, -118.5625, 6, 0.0, 88.0]
[1, -118.5625, 6, 0.0, 144.0]
[1, -118.5625, 6, 0.0, 1096.0]
[1, -118.5625, 6, 0.0, 88.0]
[1, -118.5625, 6, 0.0, 22920.0]
[1, -118.5625, 6, 0.0, 22920.0]
[1, -118.5625, 6, 0.0, 19848.0]
[1, -118.5625, 6, 0.0, 22920.0]
[1, -118.5625, 6, 0.0, 5736.0]
[1, -118.5625, 6, 0.0, 22920.0]
[1, -118.5625, 6, 0.0, 22920.0]
[1, -118.5625, 6, 0.0, 22920.0]
[1, -118.5625, 6, 0.0, 88.0]
[1, -118.5625, 6, 0.0, 15264.0]
[1, -118.5625, 6, 0.0, 17568.0]
[1, -118.5625, 6, 0.0, 14112.0]
[1, -118.5625, 6, 0.0, 15840.0]
[1, -118.5625, 6, 0.0, 15840.0]
[1, -118.5625, 6, 0.0, 14112.0]
[1, -118.5625, 6, 0.0, 19080.0]
[1, -118.5625, 6, 0.0, 1672.0]
[1, -118.5625, 6, 0.0, 21384.0]
[1, -118.5625, 6, 0.0, 22920.0]
[1, -118.5625, 6, 0.0, 7992.0]
[1, -118.5625, 6, 0.0, 19080.0]
[1, -118.5625, 6, 0.0, 88.0]
[1, -118.5625, 6, 0.0, 88.0]
[1, -118.5625, 6, 0.0, 776.0]
[1, -118.5625, 6, 0.0, 88.0]
[1, -118.5625, 6, 0.0, 2728.0]
[1, -118.5625, 6, 0.0, 88.0]
[1, -118.5625, 6, 0.0, 88.0]
[1, -118.5625, 6, 0.0, 680.0]
[1, -118.5625, 6, 0.0, 680.0]
[1, -118.5625, 6, 0.0, 88.0]
[1, -118.5625, 6, 0.0, 22920.0]
[1, -118.5625, 6, 0.0, 13536.0]
[1, -118.5625, 6, 0.0, 88.0]
[1, -118.5625, 6, 0.0, 88.0]
[1, -118.5625, 6, 0.0, 680.0]
[1, -118.5625, 6, 0.0, 2728.0]
[1, -118.5625, 6, 0.0, 680.0]
[1, -118.5625, 6, 0.0, 88.0]
[1, -118.5625, 6, 0.0, 1256.0]
[1, -118.5625, 6, 0.0, 88.0]
[1, -118.5625, 6, 0.0, 8248.0]
[1, -118.5625, 6, 0.0, 2408.0]
[1, -118.5625, 6, 0.0, 88.0]
[1, -118.5625, 6, 0.0, 680.0]
[1, -118.5625, 6, 0.0, 19848.0]
[1, -118.5625, 6, 0.0, 12960.0]
[1, -118.5625, 6, 0.0, 88.0]
[1, -118.5625, 6, 0.0, 88.0]
[1, -118.5625, 6, 0.0, 2792.0]
[1, -118.5625, 6, 0.0, 88.0]
[1, -118.5625, 6, 0.0, 4776.0]
[1, -118.5625, 6, 0.0, 88.0]
[1, -118.5625, 6, 0.0, 88.0]
[1, -118.5625, 6, 0.0, 88.0]
[1, -118.5625, 6, 0.0, 1256.0]
[1, -118.5625, 6, 0.0, 88.0]
[1, -118.5625, 6, 0.0, 776.0]
[1, -118.5625, 6, 0.0, 776.0]
[1, -118.5625, 6, 0.0, 88.0]
[1, -118.5625, 6, 0.0, 22920.0]
[1, -118.5625, 6, 0.0, 11832.0]
[1, -118.5625, 6, 0.0, 88.0]
[1, -118.5625, 6, 0.0, 30576.0]
[1, -118.5625, 6, 0.0, 4136.0]
[1, -118.5625, 6, 0.0, 88.0]
[1, -118.5625, 6, 0.0, 1096.0]
[1, -118.5625, 6, 0.0, 88.0]
[1, -118.5625, 6, 0.0, 1128.0]
[1, -118.5625, 6, 0.0, 88.0]
[1, -118.5625, 6, 0.0, 680.0]
[1, -118.5625, 6, 0.0, 88.0]
[1, -118.5625, 6, 0.0, 88.0]
[1, -118.5625, 6, 0.0, 680.0]
[1, -118.5625, 6, 0.0, 776.0]
[1, -118.5625, 6, 0.0, 680.0]
[1, -118.5625, 6, 0.0, 25456.0]
[1, -118.5625, 6, 0.0, 25456.0]
[1, -118.5625, 6, 0.0, 11832.0]
[1, -118.5625, 6, 0.0, 88.0]
[1, -118.5625, 6, 0.0, 1256.0]
[1, -118.5625, 6, 0.0, 88.0]
[1, -118.5625, 6, 0.0, 1800.0]
[1, -118.5625, 6, 0.0, 680.0]
[1, -118.5625, 6, 0.0, 88.0]
[1, -118.5625, 6, 0.0, 680.0]
[1, -118.5625, 6, 0.0, 88.0]
[1, -118.5625, 6, 0.0, 680.0]
[1, -118.5625, 6, 0.0, 4776.0]
[1, -118.5625, 6, 0.0, 968.0]
[1, -118.5625, 6, 0.0, 88.0]
[1, -118.5625, 6, 0.0, 2728.0]
[1, -118.5625, 6, 0.0, 88.0]
[1, -118.5625, 6, 0.0, 88.0]
[1, -118.5625, 6, 0.0, 25456.0]
[1, -118.5625, 6, 0.0, 9144.0]
[1, -118.5625, 6, 0.0, 680.0]
[1, -118.5625, 6, 0.0, 23688.0]
[1, -118.5625, 6, 0.0, 9912.0]
[1, -118.5625, 6, 0.0, 88.0]
[1, -118.5625, 6, 0.0, 1128.0]
[1, -118.5625, 6, 0.0, 1128.0]
[1, -118.5625, 6, 0.0, 88.0]
[1, -118.5625, 6, 0.0, 25456.0]
[1, -118.5625, 6, 0.0, 28336.0]
[1, -118.5625, 6, 0.0, 25456.0]
[1, -118.5625, 6, 0.0, 23688.0]
[1, -118.5625, 6, 0.0, 28336.0]
[1, -118.5625, 6, 0.0, 88.0]
[1, -118.5625, 6, 0.0, 25456.0]
[1, -118.5625, 6, 0.0, 16416.0]
[1, -118.5625, 6, 0.0, 16416.0]
[1, -118.5625, 6, 0.0, 88.0]
[1, -118.5625, 6, 0.0, 29296.0]
[1, -118.5625, 6, 0.0, 25456.0]
[1, -118.5625, 6, 0.0, 28336.0]
[1, -118.5625, 6, 0.0, 25456.0]
[1, -118.5625, 6, 0.0, 24496.0]
[1, -118.5625, 6, 0.0, 88.0]
[1, -118.5625, 6, 0.0, 88.0]
[1, -118.5625, 6, 0.0, 28336.0]
[1, -118.5625, 6, 0.0, 4136.0]
[1, -118.5625, 6, 0.0, 88.0]
[1, -118.5625, 6, 0.0, 22152.0]
[1, -118.5625, 6, 0.0, 22920.0]
[1, -118.5625, 6, 0.0, 22920.0]
[1, -118.5625, 6, 0.0, 22920.0]
[1, -118.5625, 6, 0.0, 19848.0]
[1, -118.5625, 6, 0.0, 22920.0]
[1, -118.5625, 6, 0.0, 22920.0]
[1, -118.5625, 6, 0.0, 22920.0]
[1, -118.5625, 6, 0.0, 22920.0]
[1, -118.5625, 6, 0.0, 88.0]
[1, -118.5625, 6, 0.0, 28336.0]
[1, -118.5625, 6, 0.0, 28336.0]
[1, -118.5625, 6, 0.0, 24496.0]
[1, -118.5625, 6, 0.0, 28336.0]
[1, -118.5625, 6, 0.0, 27376.0]
[1, -118.5625, 6, 0.0, 22920.0]
[1, -118.5625, 6, 0.0, 22920.0]
[1, -118.5625, 6, 0.0, 25456.0]
[1, -118.5625, 6, 0.0, 24496.0]
[1, -118.5625, 6, 0.0, 25456.0]
[1, -118.5625, 6, 0.0, 25456.0]
[1, -118.5625, 6, 0.0, 13536.0]
[1, -118.5625, 6, 0.0, 88.0]
[1, -118.5625, 6, 0.0, 25456.0]
[1, -118.5625, 6, 0.0, 22920.0]
[1, -118.5625, 6, 0.0, 22920.0]
[1, -118.5625, 6, 0.0, 6456.0]
[1, -118.5625, 6, 0.0, 88.0]
[1, -118.5625, 6, 0.0, 2088.0]
[1, -118.5625, 6, 0.0, 1256.0]
[1, -118.5625, 6, 0.0, 680.0]
[1, -118.5625, 6, 0.0, 88.0]
[1, -118.5625, 6, 0.0, 1256.0]
[1, -118.5625, 6, 0.0, 1256.0]
[1, -118.5625, 6, 0.0, 19848.0]
[1, -118.5625, 6, 0.0, 12216.0]
[1, -118.5625, 6, 0.0, 1384.0]
[1, -118.5625, 6, 0.0, 776.0]
[1, -118.5625, 6, 0.0, 88.0]
[1, -118.5625, 6, 0.0, 680.0]
[1, -118.5625, 6, 0.0, 25456.0]
[1, -118.5625, 6, 0.0, 8760.0]
[1, -118.5625, 6, 0.0, 15840.0]
[1, -118.5625, 6, 0.0, 15840.0]
[1, -118.5625, 6, 0.0, 15840.0]
[1, -118.5625, 6, 0.0, 3752.0]
[1, -118.5625, 6, 0.0, 88.0]
[1, -118.5625, 6, 0.0, 88.0]
[1, -118.5625, 6, 0.0, 2728.0]
[1, -118.5625, 6, 0.0, 1672.0]
[1, -118.5625, 6, 0.0, 616.0]
[1, -118.5625, 6, 0.0, 15840.0]
[1, -118.5625, 6, 0.0, 15840.0]
[1, -118.5625, 6, 0.0, 15840.0]
[1, -118.5625, 6, 0.0, 4392.0]
[1, -118.5625, 6, 0.0, 88.0]
[1, -118.5625, 6, 0.0, 22920.0]
[1, -118.5625, 6, 0.0, 17568.0]
[1, -118.5625, 6, 0.0, 12576.0]
[1, -118.5625, 6, 0.0, 15840.0]
[1, -118.5625, 6, 0.0, 15840.0]
[1, -118.5625, 6, 0.0, 14112.0]
[1, -118.5625, 6, 0.0, 15840.0]
[1, -118.5625, 6, 0.0, 15840.0]
[1, -118.5625, 6, 0.0, 15840.0]
[1, -118.5625, 6, 0.0, 25456.0]
[1, -118.5625, 6, 0.0, 16992.0]
[1, -118.5625, 6, 0.0, 15840.0]
[1, -118.5625, 6, 0.0, 15840.0]
[1, -118.5625, 6, 0.0, 15840.0]
[1, -118.5625, 6, 0.0, 15840.0]
[1, -118.5625, 6, 0.0, 14112.0]
[1, -118.5625, 6, 0.0, 14112.0]
[1, -118.5625, 6, 0.0, 15840.0]
[1, -118.5625, 6, 0.0, 15840.0]
[1, -118.5625, 6, 0.0, 15840.0]
[1, -118.5625, 6, 0.0, 15840.0]
[1, -118.5625, 6, 0.0, 19848.0]
[1, -118.5625, 6, 0.0, 19848.0]
[1, -118.5625, 6, 0.0, 19848.0]
[1, -118.5625, 6, 0.0, 18336.0]
[1, -118.5625, 6, 0.0, 4584.0]
[1, -118.5625, 6, 0.0, 19848.0]
[1, -118.5625, 6, 0.0, 19848.0]
[1, -118.5625, 6, 0.0, 19848.0]
[1, -118.5625, 6, 0.0, 776.0]
[1, -118.5625, 6, 0.0, 19848.0]
[1, -118.5625, 6, 0.0, 19848.0]
[1, -118.5625, 6, 0.0, 19848.0]
[1, -118.5625, 6, 0.0, 22920.0]
[1, -118.5625, 6, 0.0, 19848.0]
[1, -118.5625, 6, 0.0, 19080.0]
[1, -118.5625, 6, 0.0, 21384.0]
[1, -118.5625, 6, 0.0, 88.0]
[1, -118.5625, 6, 0.0, 22920.0]
[1, -118.5625, 6, 0.0, 19848.0]
[1, -118.5625, 6, 0.0, 19848.0]
[1, -118.5625, 6, 0.0, 18336.0]
[1, -118.5625, 6, 0.0, 19848.0]
[1, -118.5625, 6, 0.0, 19848.0]
[1, -118.5625, 6, 0.0, 22920.0]
[1, -118.5625, 6, 0.0, 22920.0]
[1, -118.5625, 6, 0.0, 22920.0]
[1, -118.5625, 6, 0.0, 19848.0]
[1, -118.5625, 6, 0.0, 22920.0]
[1, -118.5625, 6, 0.0, 22920.0]
[1, -118.5625, 6, 0.0, 11064.0]
[1, -118.5625, 6, 0.0, 15840.0]
[1, -118.5625, 6, 0.0, 14112.0]
[1, -118.5625, 6, 0.0, 15840.0]
[1, -118.5625, 6, 0.0, 8760.0]
[1, -118.5625, 6, 0.0, 88.0]
[1, -118.5625, 6, 0.0, 88.0]
[1, -118.5625, 6, 0.0, 19848.0]
[1, -118.5625, 6, 0.0, 19848.0]
[1, -118.5625, 6, 0.0, 17568.0]
[1, -118.5625, 6, 0.0, 16416.0]
[1, -118.5625, 6, 0.0, 19848.0]
[1, -118.5625, 6, 0.0, 19848.0]
[1, -118.5625, 6, 0.0, 19848.0]
[1, -118.5625, 6, 0.0, 19848.0]
[1, -118.5625, 6, 0.0, 10680.0]
[1, -118.5625, 6, 0.0, 15840.0]
[1, -118.5625, 6, 0.0, 1672.0]
[1, -118.5625, 6, 0.0, 88.0]
[1, -118.5625, 6, 0.0, 3880.0]
[1, -118.5625, 6, 0.0, 15840.0]
[1, -118.5625, 6, 0.0, 14112.0]
[1, -118.5625, 6, 0.0, 14688.0]
[1, -118.5625, 6, 0.0, 15840.0]
[1, -118.5625, 6, 0.0, 14112.0]
[1, -118.5625, 6, 0.0, 15840.0]
[1, -118.5625, 6, 0.0, 15264.0]
[1, -118.5625, 6, 0.0, 15264.0]
[1, -118.5625, 6, 0.0, 15840.0]
[1, -118.5625, 6, 0.0, 11832.0]
[1, -118.5625, 6, 0.0, 472.0]
[1, -118.5625, 6, 0.0, 13536.0]
[1, -118.5625, 6, 0.0, 15840.0]
[1, -118.5625, 6, 0.0, 88.0]
[1, -118.5625, 6, 0.0, 808.0]
[1, -118.5625, 6, 0.0, 88.0]
[1, -118.5625, 6, 0.0, 15840.0]
[1, -118.5625, 6, 0.0, 15840.0]
[1, -118.5625, 6, 0.0, 15840.0]
[1, -118.5625, 6, 0.0, 15264.0]
[1, -118.5625, 6, 0.0, 15840.0]
[1, -118.5625, 6, 0.0, 3880.0]
[1, -118.5625, 6, 0.0, 15264.0]
[1, -118.5625, 6, 0.0, 15840.0]
[1, -118.5625, 6, 0.0, 22920.0]
[1, -118.5625, 6, 0.0, 22920.0]
[1, -118.5625, 6, 0.0, 22920.0]
[1, -118.5625, 6, 0.0, 22920.0]
[1, -118.5625, 6, 0.0, 22920.0]
[1, -118.5625, 6, 0.0, 22920.0]
[1, -118.5625, 6, 0.0, 15264.0]
[1, -118.5625, 6, 0.0, 15264.0]
[1, -118.5625, 6, 0.0, 15840.0]
[1, -118.5625, 6, 0.0, 14112.0]
[1, -118.5625, 6, 0.0, 15264.0]
[1, -118.5625, 6, 0.0, 14688.0]
[1, -118.5625, 6, 0.0, 15840.0]
[1, -118.5625, 6, 0.0, 13536.0]
[1, -118.5625, 6, 0.0, 1928.0]
[1, -118.5625, 6, 0.0, 13536.0]
[1, -118.5625, 6, 0.0, 15840.0]
[1, -118.5625, 6, 0.0, 14112.0]
[1, -118.5625, 6, 0.0, 15840.0]
[1, -118.5625, 6, 0.0, 15840.0]
[1, -118.5625, 6, 0.0, 15840.0]
[1, -118.5625, 6, 0.0, 15264.0]
[1, -118.5625, 6, 0.0, 6200.0]
[1, -118.5625, 6, 0.0, 25456.0]
[1, -118.5625, 6, 0.0, 21384.0]
[1, -118.5625, 6, 0.0, 15264.0]
[1, -118.5625, 6, 0.0, 24496.0]
[1, -118.5625, 6, 0.0, 25456.0]
[1, -118.5625, 6, 0.0, 22152.0]
[1, -118.5625, 6, 0.0, 25456.0]
[1, -118.5625, 6, 0.0, 25456.0]
[1, -118.5625, 6, 0.0, 8248.0]
[1, -118.5625, 6, 0.0, 15840.0]
[1, -118.5625, 6, 0.0, 1256.0]
[1, -118.5625, 6, 0.0, 88.0]
[1, -118.5625, 6, 0.0, 15840.0]
[1, -118.5625, 6, 0.0, 19080.0]
[1, -118.5625, 6, 0.0, 19848.0]
[1, -118.5625, 6, 0.0, 19848.0]
[1, -118.5625, 6, 0.0, 19848.0]
[1, -118.5625, 6, 0.0, 19848.0]
[1, -118.5625, 6, 0.0, 19848.0]
[1, -118.5625, 6, 0.0, 14112.0]
[1, -118.5625, 6, 0.0, 14112.0]
[1, -118.5625, 6, 0.0, 14112.0]
[1, -118.5625, 6, 0.0, 12960.0]
[1, -118.5625, 6, 0.0, 14112.0]
[1, -118.5625, 6, 0.0, 11832.0]
[1, -118.5625, 6, 0.0, 14112.0]
[1, -118.5625, 6, 0.0, 14112.0]
[1, -118.5625, 6, 0.0, 14112.0]
[1, -118.5625, 6, 0.0, 13536.0]
[1, -118.5625, 6, 0.0, 11832.0]
[1, -118.5625, 6, 0.0, 14112.0]
[1, -118.5625, 6, 0.0, 14112.0]
[1, -118.5625, 6, 0.0, 11448.0]
[1, -118.5625, 6, 0.0, 2472.0]
[1, -118.5625, 6, 0.0, 14112.0]
[1, -118.5625, 6, 0.0, 13536.0]
[1, -118.5625, 6, 0.0, 11832.0]
[1, -118.5625, 6, 0.0, 14112.0]
[1, -118.5625, 6, 0.0, 14112.0]
[1, -118.5625, 6, 0.0, 11448.0]
[1, -118.5625, 6, 0.0, 15840.0]
[1, -118.5625, 6, 0.0, 10296.0]
[1, -118.5625, 6, 0.0, 15840.0]
[1, -118.5625, 6, 0.0, 15840.0]
[1, -118.5625, 6, 0.0, 15840.0]
[1, -118.5625, 6, 0.0, 15840.0]
[1, -118.5625, 6, 0.0, 15840.0]
[1, -118.5625, 6, 0.0, 15840.0]
[1, -118.5625, 6, 0.0, 15840.0]
[1, -118.5625, 6, 0.0, 15264.0]
[1, -118.5625, 6, 0.0, 15840.0]
[1, -118.5625, 6, 0.0, 14112.0]
[1, -118.5625, 6, 0.0, 14112.0]
[1, -118.5625, 6, 0.0, 15840.0]
[1, -118.5625, 6, 0.0, 6712.0]
[1, -118.5625, 6, 0.0, 17568.0]
[1, -118.5625, 6, 0.0, 1672.0]
[1, -118.5625, 6, 0.0, 17568.0]
[1, -118.5625, 6, 0.0, 17568.0]
[1, -118.5625, 6, 0.0, 17568.0]
[1, -118.5625, 6, 0.0, 17568.0]
[1, -118.5625, 6, 0.0, 17568.0]
[1, -118.5625, 6, 0.0, 17568.0]
[1, -118.5625, 6, 0.0, 17568.0]
[1, -118.5625, 6, 0.0, 16992.0]
[1, -118.5625, 6, 0.0, 17568.0]
[1, -118.5625, 6, 0.0, 17568.0]
[1, -118.5625, 6, 0.0, 2792.0]
[1, -118.5625, 6, 0.0, 17568.0]
[1, -118.5625, 6, 0.0, 19848.0]
[1, -118.5625, 6, 0.0, 16416.0]
[1, -118.5625, 6, 0.0, 14112.0]
[1, -118.5625, 6, 0.0, 19848.0]
[1, -118.5625, 6, 0.0, 10680.0]
[1, -118.5625, 6, 0.0, 19848.0]
[1, -118.5625, 6, 0.0, 19848.0]
[1, -118.5625, 6, 0.0, 19848.0]
[1, -118.5625, 6, 0.0, 22920.0]
[1, -118.5625, 6, 0.0, 22920.0]
[1, -118.5625, 6, 0.0, 22920.0]
[1, -118.5625, 6, 0.0, 21384.0]
[1, -118.5625, 6, 0.0, 19080.0]
[1, -118.5625, 6, 0.0, 22920.0]
[1, -118.5625, 6, 0.0, 22920.0]
[1, -118.5625, 6, 0.0, 22920.0]
[1, -118.5625, 6, 0.0, 15264.0]
[1, -118.5625, 6, 0.0, 15264.0]
[1, -118.5625, 6, 0.0, 13536.0]
[1, -118.5625, 6, 0.0, 15840.0]
[1, -118.5625, 6, 0.0, 15840.0]
[1, -118.5625, 6, 0.0, 14112.0]
[1, -118.5625, 6, 0.0, 11832.0]
[1, -118.5625, 6, 0.0, 15840.0]
[1, -118.5625, 6, 0.0, 15840.0]
[1, -118.5625, 6, 0.0, 15840.0]
[1, -118.5625, 6, 0.0, 5544.0]
[1, -118.5625, 6, 0.0, 15840.0]
[1, -118.5625, 6, 0.0, 15840.0]
[1, -118.5625, 6, 0.0, 15840.0]
[1, -118.5625, 6, 0.0, 19848.0]
[1, -118.5625, 6, 0.0, 25456.0]
[1, -118.5625, 6, 0.0, 13536.0]
[1, -118.5625, 6, 0.0, 25456.0]
[1, -118.5625, 6, 0.0, 22920.0]
[1, -118.5625, 6, 0.0, 22920.0]
[1, -118.5625, 6, 0.0, 19848.0]
[1, -118.5625, 6, 0.0, 22920.0]
[1, -118.5625, 6, 0.0, 19080.0]
[1, -118.5625, 6, 0.0, 72.0]
[1, -118.5625, 6, 0.0, 88.0]
[1, -118.5625, 6, 0.0, 19848.0]
[1, -118.5625, 6, 0.0, 776.0]
[1, -118.5625, 6, 0.0, 14688.0]
[1, -118.5625, 6, 0.0, 25456.0]
[1, -118.5625, 6, 0.0, 25456.0]
[1, -118.5625, 6, 0.0, 25456.0]
[1, -118.5625, 6, 0.0, 22920.0]
[1, -118.5625, 6, 0.0, 19080.0]
[1, -118.5625, 6, 0.0, 19848.0]
[1, -118.5625, 6, 0.0, 19080.0]
[1, -118.5625, 6, 0.0, 19848.0]
[1, -118.5625, 6, 0.0, 19848.0]
[1, -118.5625, 6, 0.0, 22920.0]
[1, -118.5625, 6, 0.0, 22920.0]
[1, -118.5625, 6, 0.0, 22920.0]
[1, -118.5625, 6, 0.0, 22920.0]
[1, -118.5625, 6, 0.0, 19080.0]
[1, -118.5625, 6, 0.0, 22920.0]
[1, -118.5625, 6, 0.0, 22920.0]
[1, -118.5625, 6, 0.0, 22920.0]
[1, -118.5625, 6, 0.0, 22920.0]
[1, -118.5625, 6, 0.0, 10680.0]
[1, -118.5625, 6, 0.0, 22920.0]
[1, -118.5625, 6, 0.0, 22152.0]
[1, -118.5625, 6, 0.0, 22920.0]
[1, -118.5625, 6, 0.0, 22152.0]
[1, -118.5625, 6, 0.0, 13536.0]
[1, -118.5625, 6, 0.0, 22920.0]
[1, -118.5625, 6, 0.0, 22152.0]
[1, -118.5625, 6, 0.0, 88.0]
[1, -118.5625, 6, 0.0, 19848.0]
[1, -118.5625, 6, 0.0, 19848.0]
[1, -118.5625, 6, 0.0, 1608.0]
[1, -118.5625, 6, 0.0, 19848.0]
[1, -118.5625, 6, 0.0, 776.0]
[1, -118.5625, 6, 0.0, 5160.0]
[1, -118.5625, 6, 0.0, 680.0]
[1, -118.5625, 6, 0.0, 88.0]
[1, -118.5625, 6, 0.0, 1928.0]
[1, -118.5625, 6, 0.0, 14688.0]
[1, -118.5625, 6, 0.0, 12216.0]
[1, -118.5625, 6, 0.0, 15840.0]
[1, -118.5625, 6, 0.0, 15840.0]
[1, -118.5625, 6, 0.0, 15840.0]
[1, -118.5625, 6, 0.0, 808.0]
[1, -118.5625, 6, 0.0, 88.0]
[1, -118.5625, 6, 0.0, 1096.0]
[1, -118.5625, 6, 0.0, 15840.0]
[1, -118.5625, 6, 0.0, 15840.0]
[1, -118.5625, 6, 0.0, 15840.0]
[1, -118.5625, 6, 0.0, 15840.0]
[1, -118.5625, 6, 0.0, 1608.0]
[1, -118.5625, 6, 0.0, 88.0]
[1, -118.5625, 6, 0.0, 1384.0]
[1, -118.5625, 6, 0.0, 88.0]
[1, -118.5625, 6, 0.0, 680.0]
[1, -118.5625, 6, 0.0, 25456.0]
[1, -118.5625, 6, 0.0, 8248.0]
[1, -118.5625, 6, 0.0, 25456.0]
[1, -118.5625, 6, 0.0, 8248.0]
[1, -118.5625, 6, 0.0, 88.0]
[1, -118.5625, 6, 0.0, 1096.0]
[1, -118.5625, 6, 0.0, 88.0]
[1, -118.5625, 6, 0.0, 14112.0]
[1, -118.5625, 6, 0.0, 13536.0]
[1, -118.5625, 6, 0.0, 14112.0]
[1, -118.5625, 6, 0.0, 14112.0]
[1, -118.5625, 6, 0.0, 13536.0]
[1, -118.5625, 6, 0.0, 14112.0]
[1, -118.5625, 6, 0.0, 14112.0]
[1, -118.5625, 6, 0.0, 6712.0]
[1, -118.5625, 6, 0.0, 4968.0]
[1, -118.5625, 6, 0.0, 88.0]
[1, -118.5625, 6, 0.0, 4968.0]
[1, -118.5625, 6, 0.0, 4968.0]
[1, -118.5625, 6, 0.0, 88.0]
[1, -118.5625, 6, 0.0, 3368.0]
[1, -118.5625, 6, 0.0, 88.0]
[1, -118.5625, 6, 0.0, 88.0]
[1, -118.5625, 6, 0.0, 72.0]
[1, -118.5625, 6, 0.0, 88.0]
[1, -118.5625, 6, 0.0, 88.0]
[1, -118.5625, 6, 0.0, 328.0]
[1, -118.5625, 6, 0.0, 88.0]
[1, -118.5625, 6, 0.0, 88.0]
[1, -118.5625, 6, 0.0, 680.0]
[1, -118.5625, 6, 0.0, 88.0]
[1, -118.5625, 6, 0.0, 1384.0]
[1, -118.5625, 6, 0.0, 680.0]
[1, -118.5625, 6, 0.0, 2792.0]
[1, -118.5625, 6, 0.0, 8760.0]
[1, -118.5625, 6, 0.0, 680.0]
[1, -118.5625, 6, 0.0, 88.0]
[1, -118.5625, 6, 0.0, 19848.0]
[1, -118.5625, 6, 0.0, 19848.0]
[1, -118.5625, 6, 0.0, 19848.0]
[1, -118.5625, 6, 0.0, 19080.0]
[1, -118.5625, 6, 0.0, 19080.0]
[1, -118.5625, 6, 0.0, 19848.0]
[1, -118.5625, 6, 0.0, 19848.0]
[1, -118.5625, 6, 0.0, 19848.0]
[1, -118.5625, 6, 0.0, 19080.0]
[1, -118.5625, 6, 0.0, 19848.0]
[1, -118.5625, 6, 0.0, 19848.0]
[1, -118.5625, 6, 0.0, 22920.0]
[1, -118.5625, 6, 0.0, 22920.0]
[1, -118.5625, 6, 0.0, 19848.0]
[1, -118.5625, 6, 0.0, 22920.0]
[1, -118.5625, 6, 0.0, 22920.0]
[1, -118.5625, 6, 0.0, 22920.0]
[1, -118.5625, 6, 0.0, 22920.0]
[1, -118.5625, 6, 0.0, 2792.0]
[1, -118.5625, 6, 0.0, 19080.0]
[1, -118.5625, 6, 0.0, 88.0]
[1, -118.5625, 6, 0.0, 21384.0]
[1, -118.5625, 6, 0.0, 10296.0]
[1, -118.5625, 6, 0.0, 21384.0]
[1, -118.5625, 6, 0.0, 25456.0]
[1, -118.5625, 6, 0.0, 5736.0]
[1, -118.5625, 6, 0.0, 25456.0]
[1, -118.5625, 6, 0.0, 16416.0]
[1, -118.5625, 6, 0.0, 25456.0]
[1, -118.5625, 6, 0.0, 25456.0]
[1, -118.5625, 6, 0.0, 21384.0]
[1, -118.5625, 6, 0.0, 21384.0]
[1, -118.5625, 6, 0.0, 20616.0]
[1, -118.5625, 6, 0.0, 25456.0]
[1, -118.5625, 6, 0.0, 5544.0]
[1, -118.5625, 6, 0.0, 11064.0]
[1, -118.5625, 6, 0.0, 25456.0]
[1, -118.5625, 6, 0.0, 5544.0]
[1, -118.5625, 6, 0.0, 25456.0]
[1, -118.5625, 6, 0.0, 5736.0]
[1, -118.5625, 6, 0.0, 21384.0]
[1, -118.5625, 6, 0.0, 23688.0]
[1, -118.5625, 6, 0.0, 15264.0]
[1, -118.5625, 6, 0.0, 23688.0]
[1, -118.5625, 6, 0.0, 23688.0]
[1, -118.5625, 6, 0.0, 23688.0]
[1, -118.5625, 6, 0.0, 16992.0]
[1, -118.5625, 6, 0.0, 14688.0]
[1, -118.5625, 6, 0.0, 19080.0]
[1, -118.5625, 6, 0.0, 22920.0]
[1, -118.5625, 6, 0.0, 22920.0]
[1, -118.5625, 6, 0.0, 22920.0]
[1, -118.5625, 6, 0.0, 22920.0]
[1, -118.5625, 6, 0.0, 22920.0]
[1, -118.5625, 6, 0.0, 22920.0]
[1, -118.5625, 6, 0.0, 22920.0]
[1, -118.5625, 6, 0.0, 1800.0]
[1, -118.5625, 6, 0.0, 22920.0]
[1, -118.5625, 6, 0.0, 11832.0]
[1, -118.5625, 6, 0.0, 25456.0]
[1, -118.5625, 6, 0.0, 25456.0]
[1, -118.5625, 6, 0.0, 25456.0]
[1, -118.5625, 6, 0.0, 25456.0]
[1, -118.5625, 6, 0.0, 24496.0]
[1, -118.5625, 6, 0.0, 25456.0]
[1, -118.5625, 6, 0.0, 25456.0]
[1, -118.5625, 6, 0.0, 25456.0]
[1, -118.5625, 6, 0.0, 25456.0]
[1, -118.5625, 6, 0.0, 1800.0]
[1, -118.5625, 6, 0.0, 25456.0]
[1, -118.5625, 6, 0.0, 22920.0]
[1, -118.5625, 6, 0.0, 22920.0]
[1, -118.5625, 6, 0.0, 22920.0]
[1, -118.5625, 6, 0.0, 22920.0]
[1, -118.5625, 6, 0.0, 22920.0]
[1, -118.5625, 6, 0.0, 22920.0]
[1, -118.5625, 6, 0.0, 22920.0]
[1, -118.5625, 6, 0.0, 5544.0]
[1, -118.5625, 6, 0.0, 11832.0]
[1, -118.5625, 6, 0.0, 88.0]
[1, -118.5625, 6, 0.0, 11448.0]
[1, -118.5625, 6, 0.0, 22920.0]
[1, -118.5625, 6, 0.0, 22920.0]
[1, -118.5625, 6, 0.0, 22920.0]
[1, -118.5625, 6, 0.0, 22920.0]
[1, -118.5625, 6, 0.0, 22920.0]
[1, -118.5625, 6, 0.0, 22920.0]
[1, -118.5625, 6, 0.0, 2024.0]
[1, -118.5625, 6, 0.0, 22920.0]
[1, -118.5625, 6, 0.0, 22152.0]
[1, -118.5625, 6, 0.0, 22920.0]
[1, -118.5625, 6, 0.0, 22920.0]
[1, -118.5625, 6, 0.0, 22920.0]
[1, -118.5625, 6, 0.0, 22920.0]
[1, -118.5625, 6, 0.0, 16416.0]
[1, -118.5625, 6, 0.0, 11832.0]
[1, -118.5625, 6, 0.0, 11832.0]
[1, -118.5625, 6, 0.0, 11448.0]
[1, -118.5625, 6, 0.0, 88.0]
[1, -118.5625, 6, 0.0, 25456.0]
[1, -118.5625, 6, 0.0, 24496.0]
[1, -118.5625, 6, 0.0, 16416.0]
[1, -118.5625, 6, 0.0, 88.0]
[1, -118.5625, 6, 0.0, 88.0]
[1, -118.5625, 6, 0.0, 88.0]
[1, -118.5625, 6, 0.0, 680.0]
[1, -118.5625, 6, 0.0, 680.0]
[1, -118.5625, 6, 0.0, 680.0]
[1, -118.5625, 6, 0.0, 680.0]
[1, -118.5625, 6, 0.0, 680.0]
[1, -118.5625, 6, 0.0, 680.0]
[1, -118.5625, 6, 0.0, 680.0]
[1, -118.5625, 6, 0.0, 19080.0]
[1, -118.5625, 6, 0.0, 19848.0]
[1, -118.5625, 6, 0.0, 19848.0]
[1, -118.5625, 6, 0.0, 19848.0]
[1, -118.5625, 6, 0.0, 19848.0]
[1, -118.5625, 6, 0.0, 19848.0]
[1, -118.5625, 6, 0.0, 19848.0]
[1, -118.5625, 6, 0.0, 19848.0]
[1, -118.5625, 6, 0.0, 19080.0]
[1, -118.5625, 6, 0.0, 88.0]
[1, -118.5625, 6, 0.0, 88.0]
[1, -118.5625, 6, 0.0, 22920.0]
[1, -118.5625, 6, 0.0, 22920.0]
[1, -118.5625, 6, 0.0, 22920.0]
[1, -118.5625, 6, 0.0, 22920.0]
[1, -118.5625, 6, 0.0, 22920.0]
[1, -118.5625, 6, 0.0, 21384.0]
[1, -118.5625, 6, 0.0, 21384.0]
[1, -118.5625, 6, 0.0, 22920.0]
[1, -118.5625, 6, 0.0, 22920.0]
[1, -118.5625, 6, 0.0, 22920.0]
[1, -118.5625, 6, 0.0, 22920.0]
[1, -118.5625, 6, 0.0, 22920.0]
[1, -118.5625, 6, 0.0, 7736.0]
[1, -118.5625, 6, 0.0, 7992.0]
[1, -118.5625, 6, 0.0, 968.0]
[1, -118.5625, 6, 0.0, 88.0]
[1, -118.5625, 6, 0.0, 680.0]
[1, -118.5625, 6, 0.0, 24496.0]
[1, -118.5625, 6, 0.0, 25456.0]
[1, -118.5625, 6, 0.0, 24496.0]
[1, -118.5625, 6, 0.0, 88.0]
[1, -118.5625, 6, 0.0, 1384.0]
[1, -118.5625, 6, 0.0, 3240.0]
[1, -118.5625, 6, 0.0, 680.0]
[1, -118.5625, 6, 0.0, 88.0]
[1, -118.5625, 6, 0.0, 1256.0]
[1, -118.5625, 6, 0.0, 88.0]
[1, -118.5625, 6, 0.0, 776.0]
[1, -118.5625, 6, 0.0, 776.0]
[1, -118.5625, 6, 0.0, 88.0]
[1, -118.5625, 6, 0.0, 680.0]
[1, -118.5625, 6, 0.0, 6200.0]
[1, -118.5625, 6, 0.0, 8248.0]
[1, -118.5625, 6, 0.0, 680.0]
[1, -118.5625, 6, 0.0, 88.0]
[1, -118.5625, 6, 0.0, 1128.0]
[1, -118.5625, 6, 0.0, 25456.0]
[1, -118.5625, 6, 0.0, 1128.0]
[1, -118.5625, 6, 0.0, 28336.0]
[1, -118.5625, 6, 0.0, 16416.0]
[1, -118.5625, 6, 0.0, 88.0]
[1, -118.5625, 6, 0.0, 88.0]
[1, -118.5625, 6, 0.0, 27376.0]
[1, -118.5625, 6, 0.0, 28336.0]
[1, -118.5625, 6, 0.0, 28336.0]
[1, -118.5625, 6, 0.0, 27376.0]
[1, -118.5625, 6, 0.0, 28336.0]
[1, -118.5625, 6, 0.0, 28336.0]
[1, -118.5625, 6, 0.0, 12576.0]
[1, -118.5625, 6, 0.0, 27376.0]
[1, -118.5625, 6, 0.0, 28336.0]
[1, -118.5625, 6, 0.0, 28336.0]
[1, -118.5625, 6, 0.0, 88.0]
[1, -118.5625, 6, 0.0, 88.0]
[1, -118.5625, 6, 0.0, 680.0]
[1, -118.5625, 6, 0.0, 28336.0]
[1, -118.5625, 6, 0.0, 28336.0]
[1, -118.5625, 6, 0.0, 28336.0]
[1, -118.5625, 6, 0.0, 28336.0]
[1, -118.5625, 6, 0.0, 27376.0]
[1, -118.5625, 6, 0.0, 28336.0]
[1, -118.5625, 6, 0.0, 13536.0]
[1, -118.5625, 6, 0.0, 88.0]
[1, -118.5625, 6, 0.0, 72.0]
[1, -118.5625, 6, 0.0, 88.0]
[1, -118.5625, 6, 0.0, 88.0]
[1, -118.5625, 6, 0.0, 472.0]
[1, -118.5625, 6, 0.0, 88.0]
[1, -118.5625, 6, 0.0, 88.0]
[1, -118.5625, 6, 0.0, 968.0]
[1, -118.5625, 6, 0.0, 88.0]
[1, -118.5625, 6, 0.0, 72.0]
[1, -118.5625, 6, 0.0, 904.0]
[1, -118.5625, 6, 0.0, 88.0]
[1, -118.5625, 6, 0.0, 904.0]
[1, -118.5625, 6, 0.0, 72.0]
[1, -118.5625, 6, 0.0, 88.0]
[1, -118.5625, 6, 0.0, 968.0]
[1, -118.5625, 6, 0.0, 88.0]
[1, -118.5625, 6, 0.0, 904.0]
[1, -118.5625, 6, 0.0, 88.0]
[1, -118.5625, 6, 0.0, 904.0]
[1, -118.5625, 6, 0.0, 88.0]
[1, -118.5625, 6, 0.0, 904.0]
[1, -118.5625, 6, 0.0, 88.0]
[1, -118.5625, 6, 0.0, 968.0]
[1, -118.5625, 6, 0.0, 88.0]
[1, -118.5625, 6, 0.0, 904.0]
[1, -118.5625, 6, 0.0, 88.0]
[1, -118.5625, 6, 0.0, 88.0]
